SpecID	MetaRelAbund	muDisp	sigmaDisp	trait	CNDD	LocalAbund	Kcon10	Kcon50
0	0.00148606	3.68888	0	0.296603	1	0	0	0
1	0.000610447	3.68888	0	0.223306	1	0	0	0
2	0.00201701	3.68888	0	0.593354	1	0	0	0
3	0.00170919	3.68888	0	0.921235	1	0	0	0
4	0.00170921	3.68888	0	0.199593	1	0	0	0
5	0.00141833	3.68888	0	0.823626	1	0	0	0
6	0.00154175	3.68888	0	0.294382	1	0	0	0
7	0.000394209	3.68888	0	0.504901	1	0	0	0
8	0.00531291	3.68888	0	0.767521	1	0	0	0
9	0.00201755	3.68888	0	0.434711	1	0	0	0
10	0.000690688	3.68888	0	0.662867	1	0	0	0
11	0.000537184	3.68888	0	0.920211	1	0	0	0
12	0.00202855	3.68888	0	0.310083	1	0	0	0
13	0.00832578	3.68888	0	0.795722	1	0	0	0
14	0.00241786	3.68888	0	0.326948	1	0	0	0
15	0.000268814	3.68888	0	0.174332	1	0	0	0
16	0.00480405	3.68888	0	0.943175	1	0	0	0
17	0.00661421	3.68888	0	0.559434	1	0	0	0
18	0.00155428	3.68888	0	0.138296	1	0	0	0
19	0.000939197	3.68888	0	0.265547	1	0	0	0
20	0.00095098	3.68888	0	0.439351	1	0	0	0
21	0.00379117	3.68888	0	0.258247	1	0	0	0
22	0.000628117	3.68888	0	0.256374	1	0	0	0
23	0.00236985	3.68888	0	0.191224	1	0	0	0
24	0.00966631	3.68888	0	0.98874	1	0	0	0
25	0.0033811	3.68888	0	0.987702	1	0	0	0
26	0.000934039	3.68888	0	0.259373	1	0	0	0
27	0.000776102	3.68888	0	0.73131	1	0	0	0
28	0.00251891	3.68888	0	0.569045	1	0	0	0
29	0.00244271	3.68888	0	0.607483	1	0	0	0
30	0.000889298	3.68888	0	0.844482	1	0	0	0
31	0.000678026	3.68888	0	0.569055	1	0	0	0
32	0.000666883	3.68888	0	0.224771	1	0	0	0
33	0.00212169	3.68888	0	0.345613	1	0	0	0
34	0.000543809	3.68888	0	0.236213	1	0	0	0
35	0.00192608	3.68888	0	0.957688	1	0	0	0
36	0.00274351	3.68888	0	0.142747	1	0	0	0
37	0.00101117	3.68888	0	0.445635	1	0	0	0
38	0.00253591	3.68888	0	0.0021447	1	0	0	0
39	0.00634917	3.68888	0	0.541287	1	0	0	0
40	0.00189066	3.68888	0	0.186278	1	0	0	0
41	0.00041347	3.68888	0	0.484393	1	0	0	0
42	0.00100127	3.68888	0	0.677559	1	0	0	0
43	0.000743755	3.68888	0	0.555677	1	0	0	0
44	0.00232217	3.68888	0	0.196163	1	0	0	0
45	0.00192196	3.68888	0	0.631357	1	0	0	0
46	0.00312807	3.68888	0	0.49444	1	0	0	0
47	0.00597478	3.68888	0	0.177192	1	0	0	0
48	0.000803744	3.68888	0	0.730525	1	0	0	0
49	0.000798018	3.68888	0	0.395068	1	0	0	0
50	0.00244392	3.68888	0	0.258383	1	0	0	0
51	0.000620236	3.68888	0	0.460417	1	0	0	0
52	0.000810538	3.68888	0	0.633574	1	0	0	0
53	0.00772364	3.68888	0	0.203856	1	0	0	0
54	0.000811395	3.68888	0	0.0650161	1	0	0	0
55	0.000240645	3.68888	0	0.50338	1	0	0	0
56	0.00125837	3.68888	0	0.741393	1	0	0	0
57	0.00205684	3.68888	0	0.454336	1	0	0	0
58	0.000809254	3.68888	0	0.243313	1	0	0	0
59	0.000593728	3.68888	0	0.817935	1	0	0	0
60	0.00109519	3.68888	0	0.344674	1	0	0	0
61	0.000823464	3.68888	0	0.827974	1	0	0	0
62	0.0023136	3.68888	0	0.236537	1	0	0	0
63	0.00339133	3.68888	0	0.0953141	1	0	0	0
64	0.00116056	3.68888	0	0.766697	1	0	0	0
65	0.0018253	3.68888	0	0.0435569	1	0	0	0
66	0.00496615	3.68888	0	0.643687	1	0	0	0
67	0.00204502	3.68888	0	0.26158	1	0	0	0
68	0.00515101	3.68888	0	0.686149	1	0	0	0
69	0.00174929	3.68888	0	0.720095	1	0	0	0
70	0.00246129	3.68888	0	0.605489	1	0	0	0
71	0.00178976	3.68888	0	0.536423	1	0	0	0
72	0.00146096	3.68888	0	0.146952	1	0	0	0
73	0.00193641	3.68888	0	0.62562	1	0	0	0
74	0.0151642	3.68888	0	0.794984	1	0	0	0
75	0.00206033	3.68888	0	0.48725	1	0	0	0
76	0.000863792	3.68888	0	0.195949	1	0	0	0
77	0.000948519	3.68888	0	0.328087	1	0	0	0
78	0.000462387	3.68888	0	0.550775	1	0	0	0
79	0.00147096	3.68888	0	0.211195	1	0	0	0
80	0.00336728	3.68888	0	0.7376	1	0	0	0
81	0.000394279	3.68888	0	0.483365	1	0	0	0
82	0.00147488	3.68888	0	0.953577	1	0	0	0
83	0.00103699	3.68888	0	0.800683	1	0	0	0
84	0.00199178	3.68888	0	0.822135	1	0	0	0
85	0.00113325	3.68888	0	0.113071	1	0	0	0
86	0.00106795	3.68888	0	0.274085	1	0	0	0
87	0.00050304	3.68888	0	0.0203658	1	0	0	0
88	0.000774209	3.68888	0	0.493132	1	0	0	0
89	0.000585878	3.68888	0	0.712989	1	0	0	0
90	0.000634677	3.68888	0	0.610581	1	0	0	0
91	0.00146695	3.68888	0	0.294926	1	0	0	0
92	0.00178311	3.68888	0	0.11557	1	0	0	0
93	0.000255556	3.68888	0	0.0955456	1	0	0	0
94	0.000447032	3.68888	0	0.358209	1	0	0	0
95	0.000986373	3.68888	0	0.201762	1	0	0	0
96	0.000899183	3.68888	0	0.149027	1	0	0	0
97	0.000790284	3.68888	0	0.252819	1	0	0	0
98	0.00188128	3.68888	0	0.338675	1	0	0	0
99	0.00428878	3.68888	0	0.543277	1	0	0	0
100	0.00259554	3.68888	0	0.35922	1	0	0	0
101	0.00136386	3.68888	0	0.857185	1	0	0	0
102	0.00810428	3.68888	0	0.590885	1	0	0	0
103	0.00557406	3.68888	0	0.737608	1	0	0	0
104	0.000713042	3.68888	0	0.330407	1	0	0	0
105	0.00308032	3.68888	0	0.0298321	1	0	0	0
106	0.00161804	3.68888	0	0.678414	1	0	0	0
107	0.00115665	3.68888	0	0.67882	1	0	0	0
108	0.00148095	3.68888	0	0.838591	1	0	0	0
109	0.00132315	3.68888	0	0.382547	1	0	0	0
110	0.0011248	3.68888	0	0.391378	1	0	0	0
111	0.00272325	3.68888	0	0.766339	1	0	0	0
112	0.00117546	3.68888	0	0.247096	1	0	0	0
113	0.00172264	3.68888	0	0.933982	1	0	0	0
114	0.00148896	3.68888	0	0.0105976	1	0	0	0
115	0.00086757	3.68888	0	0.854255	1	0	0	0
116	0.00140188	3.68888	0	0.852243	1	0	0	0
117	0.00203221	3.68888	0	0.695736	1	0	0	0
118	0.000484793	3.68888	0	0.309307	1	0	0	0
119	0.000528411	3.68888	0	0.955508	1	0	0	0
120	0.00158749	3.68888	0	0.856258	1	0	0	0
121	0.000217821	3.68888	0	0.740793	1	0	0	0
122	0.000289434	3.68888	0	0.811737	1	0	0	0
123	0.000936534	3.68888	0	0.414012	1	0	0	0
124	0.000589024	3.68888	0	0.434662	1	0	0	0
125	0.000403765	3.68888	0	0.082851	1	0	0	0
126	0.00212116	3.68888	0	0.375398	1	0	0	0
127	0.00119552	3.68888	0	0.0300993	1	0	0	0
128	0.00113325	3.68888	0	0.84538	1	0	0	0
129	0.00678852	3.68888	0	0.284738	1	0	0	0
130	0.000380934	3.68888	0	0.918305	1	0	0	0
131	0.000570825	3.68888	0	0.996408	1	0	0	0
132	0.000289095	3.68888	0	0.615286	1	0	0	0
133	0.000666117	3.68888	0	0.575453	1	0	0	0
134	0.000989779	3.68888	0	0.372703	1	0	0	0
135	0.000931218	3.68888	0	0.4823	1	0	0	0
136	0.000630365	3.68888	0	0.33544	1	0	0	0
137	0.000600682	3.68888	0	0.453896	1	0	0	0
138	0.00205322	3.68888	0	0.451738	1	0	0	0
139	0.00167486	3.68888	0	0.943416	1	0	0	0
140	0.00361963	3.68888	0	0.895325	1	0	0	0
141	0.000411737	3.68888	0	0.938963	1	0	0	0
142	0.000411147	3.68888	0	0.4175	1	0	0	0
143	0.00211424	3.68888	0	0.520727	1	0	0	0
144	0.00180301	3.68888	0	0.341101	1	0	0	0
145	0.00105613	3.68888	0	0.955792	1	0	0	0
146	0.00191216	3.68888	0	0.335785	1	0	0	0
147	0.000651404	3.68888	0	0.544681	1	0	0	0
148	0.000545228	3.68888	0	0.463833	1	0	0	0
149	0.00144009	3.68888	0	0.0780649	1	0	0	0
150	0.00241029	3.68888	0	0.44456	1	0	0	0
151	0.000164693	3.68888	0	0.550926	1	0	0	0
152	0.00233879	3.68888	0	0.103524	1	0	0	0
153	0.00176737	3.68888	0	0.400063	1	0	0	0
154	0.00163285	3.68888	0	0.276686	1	0	0	0
155	0.0020889	3.68888	0	0.533961	1	0	0	0
156	0.000380801	3.68888	0	0.0352298	1	0	0	0
157	0.00222926	3.68888	0	0.839065	1	0	0	0
158	0.00148428	3.68888	0	0.417985	1	0	0	0
159	0.000455835	3.68888	0	0.132684	1	0	0	0
160	0.00565488	3.68888	0	0.557835	1	0	0	0
161	0.0007793	3.68888	0	0.291217	1	0	0	0
162	0.00497318	3.68888	0	0.551755	1	0	0	0
163	0.000363238	3.68888	0	0.36399	1	0	0	0
164	0.00263578	3.68888	0	0.130572	1	0	0	0
165	0.000501158	3.68888	0	0.156483	1	0	0	0
166	0.00393345	3.68888	0	0.592849	1	0	0	0
167	0.000507771	3.68888	0	0.0279362	1	0	0	0
168	0.00547682	3.68888	0	0.470407	1	0	0	0
169	0.00417084	3.68888	0	0.767258	1	0	0	0
170	0.00305458	3.68888	0	0.351953	1	0	0	0
171	0.00212311	3.68888	0	0.59422	1	0	0	0
172	0.000856333	3.68888	0	0.595632	1	0	0	0
173	0.00465719	3.68888	0	0.960863	1	0	0	0
174	0.00117366	3.68888	0	0.142836	1	0	0	0
175	0.0010209	3.68888	0	0.309181	1	0	0	0
176	0.000778455	3.68888	0	0.461137	1	0	0	0
177	0.00193978	3.68888	0	0.838225	1	0	0	0
178	0.00116104	3.68888	0	0.267306	1	0	0	0
179	0.00332675	3.68888	0	0.316963	1	0	0	0
180	0.0009816	3.68888	0	0.0832485	1	0	0	0
181	0.00197957	3.68888	0	0.736956	1	0	0	0
182	0.00111141	3.68888	0	0.789729	1	0	0	0
183	0.00102343	3.68888	0	0.260479	1	0	0	0
184	0.000203342	3.68888	0	0.584357	1	0	0	0
185	0.000389326	3.68888	0	0.896302	1	0	0	0
186	8.54143e-005	3.68888	0	0.0924633	1	0	0	0
187	0.00155387	3.68888	0	0.0762875	1	0	0	0
188	0.00266389	3.68888	0	0.783502	1	0	0	0
189	0.00478009	3.68888	0	0.430213	1	0	0	0
190	0.00130097	3.68888	0	0.0641794	1	0	0	0
191	0.00149012	3.68888	0	0.541035	1	0	0	0
192	0.000517177	3.68888	0	0.326295	1	0	0	0
193	0.010312	3.68888	0	0.178804	1	0	0	0
194	0.00435454	3.68888	0	0.0489663	1	0	0	0
195	0.000433787	3.68888	0	0.446511	1	0	0	0
196	0.00117421	3.68888	0	0.19654	1	0	0	0
197	0.00344844	3.68888	0	0.0241463	1	0	0	0
198	0.00256541	3.68888	0	0.514443	1	0	0	0
199	0.00108485	3.68888	0	0.478759	1	0	0	0
200	0.00147464	3.68888	0	0.185632	1	0	0	0
201	0.00405218	3.68888	0	0.424196	1	0	0	0
202	0.00269571	3.68888	0	0.217814	1	0	0	0
203	0.00960193	3.68888	0	0.734551	1	0	0	0
204	0.000535727	3.68888	0	0.309052	1	0	0	0
205	0.0014284	3.68888	0	0.44336	1	0	0	0
206	0.00450544	3.68888	0	0.810702	1	0	0	0
207	0.00180066	3.68888	0	0.885409	1	0	0	0
208	0.00488357	3.68888	0	0.966512	1	0	0	0
209	0.000836327	3.68888	0	0.575757	1	0	0	0
210	0.00106017	3.68888	0	0.329749	1	0	0	0
211	0.000192182	3.68888	0	0.755945	1	0	0	0
212	0.000837375	3.68888	0	0.0509908	1	0	0	0
213	0.00135288	3.68888	0	0.997793	1	0	0	0
214	0.000736512	3.68888	0	0.404722	1	0	0	0
215	0.00150411	3.68888	0	0.584714	1	0	0	0
216	0.00148798	3.68888	0	0.643989	1	0	0	0
217	0.00468025	3.68888	0	0.840515	1	0	0	0
218	0.00232922	3.68888	0	0.759297	1	0	0	0
219	0.00172005	3.68888	0	0.497036	1	0	0	0
220	0.00302865	3.68888	0	0.984296	1	0	0	0
221	0.00063458	3.68888	0	0.308394	1	0	0	0
222	0.00113464	3.68888	0	0.331174	1	0	0	0
223	0.00186679	3.68888	0	0.514396	1	0	0	0
224	0.00242068	3.68888	0	0.864482	1	0	0	0
225	0.0115065	3.68888	0	0.657297	1	0	0	0
226	0.000866027	3.68888	0	0.547392	1	0	0	0
227	0.000719435	3.68888	0	0.487999	1	0	0	0
228	0.00115569	3.68888	0	0.338594	1	0	0	0
229	0.00139597	3.68888	0	0.0618692	1	0	0	0
230	0.000708735	3.68888	0	0.372289	1	0	0	0
231	0.000898639	3.68888	0	0.894226	1	0	0	0
232	0.00337964	3.68888	0	0.231852	1	0	0	0
233	0.000623654	3.68888	0	0.452275	1	0	0	0
234	0.00589928	3.68888	0	0.203184	1	0	0	0
235	0.000522725	3.68888	0	0.312097	1	0	0	0
236	0.000314696	3.68888	0	0.755856	1	0	0	0
237	0.000471181	3.68888	0	0.794158	1	0	0	0
238	0.000949947	3.68888	0	0.137255	1	0	0	0
239	0.00212506	3.68888	0	0.958063	1	0	0	0
240	0.00104971	3.68888	0	0.155511	1	0	0	0
241	0.00245566	3.68888	0	0.0607082	1	0	0	0
242	0.00921829	3.68888	0	0.177619	1	0	0	0
243	0.00533986	3.68888	0	0.116453	1	0	0	0
244	0.00104656	3.68888	0	0.0796936	1	0	0	0
245	0.00692208	3.68888	0	0.568207	1	0	0	0
246	0.000311519	3.68888	0	0.940891	1	0	0	0
247	0.000948234	3.68888	0	0.262057	1	0	0	0
248	0.00289247	3.68888	0	0.713713	1	0	0	0
249	0.000586017	3.68888	0	0.764306	1	0	0	0
250	0.00671461	3.68888	0	0.535987	1	0	0	0
251	0.0012382	3.68888	0	0.718782	1	0	0	0
252	0.00388021	3.68888	0	0.383898	1	0	0	0
253	0.000837675	3.68888	0	0.00604005	1	0	0	0
254	0.00141568	3.68888	0	0.0468338	1	0	0	0
255	0.00097656	3.68888	0	0.774136	1	0	0	0
256	0.00208886	3.68888	0	0.991447	1	0	0	0
257	0.00514058	3.68888	0	0.908958	1	0	0	0
258	0.000402991	3.68888	0	0.107302	1	0	0	0
259	0.000508786	3.68888	0	0.867486	1	0	0	0
260	0.000762791	3.68888	0	0.537509	1	0	0	0
261	0.00125342	3.68888	0	0.718803	1	0	0	0
262	0.00117172	3.68888	0	0.69141	1	0	0	0
263	0.00426467	3.68888	0	0.0675508	1	0	0	0
264	0.00170414	3.68888	0	0.412272	1	0	0	0
265	0.00645598	3.68888	0	0.361425	1	0	0	0
266	0.000516182	3.68888	0	0.0848872	1	0	0	0
267	0.00164431	3.68888	0	0.945991	1	0	0	0
268	0.00152815	3.68888	0	0.149647	1	0	0	0
269	0.00246668	3.68888	0	0.0990757	1	0	0	0
270	0.000800141	3.68888	0	0.710793	1	0	0	0
271	0.000522565	3.68888	0	0.477944	1	0	0	0
272	0.0025571	3.68888	0	0.890812	1	0	0	0
273	0.00244547	3.68888	0	0.0965636	1	0	0	0
274	0.00111975	3.68888	0	0.863717	1	0	0	0
275	0.000566501	3.68888	0	0.815284	1	0	0	0
276	0.00093165	3.68888	0	0.435843	1	0	0	0
277	0.00182974	3.68888	0	0.189037	1	0	0	0
278	0.00150294	3.68888	0	0.720347	1	0	0	0
279	0.00107873	3.68888	0	0.108627	1	0	0	0
280	0.00611598	3.68888	0	0.984547	1	0	0	0
281	0.000378661	3.68888	0	0.0361225	1	0	0	0
282	0.00119895	3.68888	0	0.503264	1	0	0	0
283	0.000425136	3.68888	0	0.751186	1	0	0	0
284	0.00288012	3.68888	0	0.372356	1	0	0	0
285	0.000767537	3.68888	0	0.683428	1	0	0	0
286	0.00521152	3.68888	0	0.258588	1	0	0	0
287	0.00213504	3.68888	0	0.686446	1	0	0	0
288	0.00267058	3.68888	0	0.17783	1	0	0	0
289	0.00120661	3.68888	0	0.0861839	1	0	0	0
290	0.00154367	3.68888	0	0.118712	1	0	0	0
291	0.0100562	3.68888	0	0.2979	1	0	0	0
292	0.00358908	3.68888	0	0.115163	1	0	0	0
293	0.000737537	3.68888	0	0.0960784	1	0	0	0
294	0.00610142	3.68888	0	0.860655	1	0	0	0
295	0.00140641	3.68888	0	0.319462	1	0	0	0
296	0.000362642	3.68888	0	0.847838	1	0	0	0
297	0.000786432	3.68888	0	0.234319	1	0	0	0
298	0.00231368	3.68888	0	0.580976	1	0	0	0
299	0.000759424	3.68888	0	0.823625	1	0	0	0
300	0.00247401	3.68888	0	0.481354	1	0	0	0
301	0.00209766	3.68888	0	0.333854	1	0	0	0
302	0.0014873	3.68888	0	0.36462	1	0	0	0
303	0.000382993	3.68888	0	0.457123	1	0	0	0
304	0.00388722	3.68888	0	0.0509661	1	0	0	0
305	0.000362727	3.68888	0	0.996824	1	0	0	0
306	0.00468372	3.68888	0	0.478327	1	0	0	0
307	0.00144146	3.68888	0	0.653557	1	0	0	0
308	0.00618885	3.68888	0	0.0445568	1	0	0	0
309	0.001082	3.68888	0	0.513853	1	0	0	0
310	0.00486229	3.68888	0	0.6238	1	0	0	0
311	0.00686825	3.68888	0	0.0796435	1	0	0	0
312	0.000570063	3.68888	0	0.498138	1	0	0	0
313	0.00403193	3.68888	0	0.304817	1	0	0	0
314	0.00209168	3.68888	0	0.734797	1	0	0	0
315	0.00397064	3.68888	0	0.366155	1	0	0	0
316	0.00605871	3.68888	0	0.475422	1	0	0	0
317	0.00034844	3.68888	0	0.836241	1	0	0	0
318	0.000966681	3.68888	0	0.631507	1	0	0	0
319	0.0010112	3.68888	0	0.327724	1	0	0	0
320	0.00102165	3.68888	0	0.53228	1	0	0	0
321	0.000764691	3.68888	0	0.861091	1	0	0	0
322	0.00138772	3.68888	0	0.637772	1	0	0	0
323	0.000300598	3.68888	0	0.576432	1	0	0	0
324	0.00677427	3.68888	0	0.236478	1	0	0	0
325	0.000658654	3.68888	0	0.060718	1	0	0	0
326	0.00108646	3.68888	0	0.850842	1	0	0	0
327	0.00159424	3.68888	0	0.610598	1	0	0	0
328	0.00267109	3.68888	0	0.892195	1	0	0	0
329	0.0032306	3.68888	0	0.347794	1	0	0	0
330	0.000309541	3.68888	0	0.18204	1	0	0	0
331	0.00297283	3.68888	0	0.321162	1	0	0	0
332	0.00234146	3.68888	0	0.82893	1	0	0	0
333	0.00187301	3.68888	0	0.359535	1	0	0	0
334	0.00122975	3.68888	0	0.849167	1	0	0	0
335	0.000808814	3.68888	0	0.320144	1	0	0	0
336	0.00290185	3.68888	0	0.326941	1	0	0	0
337	0.00123913	3.68888	0	0.742638	1	0	0	0
338	0.00033479	3.68888	0	0.588889	1	0	0	0
339	0.000656574	3.68888	0	0.805053	1	0	0	0
340	0.00166864	3.68888	0	0.978254	1	0	0	0
341	0.000663761	3.68888	0	0.23911	1	0	0	0
342	0.000452808	3.68888	0	0.497022	1	0	0	0
343	0.000826689	3.68888	0	0.962846	1	0	0	0
344	0.000940418	3.68888	0	0.729262	1	0	0	0
345	0.00296282	3.68888	0	0.77297	1	0	0	0
346	0.00289131	3.68888	0	0.242422	1	0	0	0
347	0.000845789	3.68888	0	0.598669	1	0	0	0
348	0.0024013	3.68888	0	0.475722	1	0	0	0
349	0.000729799	3.68888	0	0.468152	1	0	0	0
350	0.000793842	3.68888	0	0.167521	1	0	0	0
351	0.00306449	3.68888	0	0.576356	1	0	0	0
352	0.000702119	3.68888	0	0.800411	1	0	0	0
353	0.00192919	3.68888	0	0.171426	1	0	0	0
354	0.00092894	3.68888	0	0.819213	1	0	0	0
355	0.00140456	3.68888	0	0.593966	1	0	0	0
356	0.0026459	3.68888	0	0.279042	1	0	0	0
357	0.00143283	3.68888	0	0.657615	1	0	0	0
358	0.00686886	3.68888	0	0.371286	1	0	0	0
359	0.000894136	3.68888	0	0.9681	1	0	0	0
360	0.000461618	3.68888	0	0.427048	1	0	0	0
361	0.000859244	3.68888	0	0.56814	1	0	0	0
362	0.00216197	3.68888	0	0.364246	1	0	0	0
363	0.00259456	3.68888	0	0.634367	1	0	0	0
364	0.000747341	3.68888	0	0.0181669	1	0	0	0
365	0.00100155	3.68888	0	0.571462	1	0	0	0
366	0.00307559	3.68888	0	0.364569	1	0	0	0
367	0.00240823	3.68888	0	0.361939	1	0	0	0
368	0.00160446	3.68888	0	0.372767	1	0	0	0
369	0.000966009	3.68888	0	0.561454	1	0	0	0
370	0.00215331	3.68888	0	0.785962	1	0	0	0
371	0.00101417	3.68888	0	0.595204	1	0	0	0
372	0.000779317	3.68888	0	0.30486	1	0	0	0
373	0.00129266	3.68888	0	0.866189	1	0	0	0
374	0.00092657	3.68888	0	0.922005	1	0	0	0
375	0.000953682	3.68888	0	0.115434	1	0	0	0
376	0.0023878	3.68888	0	0.140183	1	0	0	0
377	0.00188996	3.68888	0	0.704132	1	0	0	0
378	0.00275025	3.68888	0	0.595928	1	0	0	0
379	0.00120644	3.68888	0	0.842982	1	0	0	0
380	0.00170834	3.68888	0	0.938618	1	0	0	0
381	0.00119781	3.68888	0	0.293135	1	0	0	0
382	0.00118772	3.68888	0	0.316749	1	0	0	0
383	0.00173695	3.68888	0	0.848455	1	0	0	0
384	0.00363444	3.68888	0	0.501631	1	0	0	0
385	0.00102116	3.68888	0	0.719453	1	0	0	0
386	0.00485087	3.68888	0	0.398878	1	0	0	0
387	0.00113489	3.68888	0	0.216001	1	0	0	0
388	0.000992488	3.68888	0	0.598305	1	0	0	0
389	0.000206117	3.68888	0	0.574358	1	0	0	0
390	0.00215114	3.68888	0	0.530251	1	0	0	0
391	0.000518066	3.68888	0	0.933729	1	0	0	0
392	0.00159182	3.68888	0	0.255019	1	0	0	0
393	0.000557796	3.68888	0	0.725687	1	0	0	0
394	0.00141875	3.68888	0	0.388417	1	0	0	0
395	0.0101655	3.68888	0	0.375244	1	0	0	0
396	0.000346002	3.68888	0	0.447408	1	0	0	0
397	0.00286105	3.68888	0	0.352477	1	0	0	0
398	0.0048057	3.68888	0	0.0458165	1	0	0	0
399	0.000155714	3.68888	0	0.0566977	1	0	0	0
400	0.00293589	3.68888	0	0.993632	1	0	0	0
401	0.000942882	3.68888	0	0.774097	1	0	0	0
402	0.00172794	3.68888	0	0.549643	1	0	0	0
403	0.000201389	3.68888	0	0.334771	1	0	0	0
404	0.00228168	3.68888	0	0.873207	1	0	0	0
405	0.000278859	3.68888	0	0.278589	1	0	0	0
406	0.00079767	3.68888	0	0.519431	1	0	0	0
407	0.00116477	3.68888	0	0.0388144	1	0	0	0
408	0.000921758	3.68888	0	0.26469	1	0	0	0
409	0.00359021	3.68888	0	0.292442	1	0	0	0
410	0.00149016	3.68888	0	0.939692	1	0	0	0
411	0.00194209	3.68888	0	0.518342	1	0	0	0
412	0.0017555	3.68888	0	0.962076	1	0	0	0
413	0.000753809	3.68888	0	0.0812501	1	0	0	0
414	0.000656864	3.68888	0	0.932226	1	0	0	0
415	0.000137978	3.68888	0	0.798918	1	0	0	0
416	0.000485604	3.68888	0	0.943847	1	0	0	0
417	0.00135475	3.68888	0	0.930771	1	0	0	0
418	0.00167973	3.68888	0	0.0889601	1	0	0	0
419	0.000761396	3.68888	0	0.855351	1	0	0	0
420	0.00176985	3.68888	0	0.195686	1	0	0	0
421	0.000287113	3.68888	0	0.110869	1	0	0	0
422	0.00118675	3.68888	0	0.750804	1	0	0	0
423	0.00376629	3.68888	0	0.81451	1	0	0	0
424	0.00144371	3.68888	0	0.633352	1	0	0	0
425	0.000587936	3.68888	0	0.662445	1	0	0	0
426	0.0030111	3.68888	0	0.748951	1	0	0	0
427	0.00272789	3.68888	0	0.854916	1	0	0	0
428	0.00118006	3.68888	0	0.517359	1	0	0	0
429	0.00329386	3.68888	0	0.742368	1	0	0	0
430	0.00165721	3.68888	0	0.546376	1	0	0	0
431	0.00301193	3.68888	0	0.625533	1	0	0	0
432	0.000934605	3.68888	0	0.236784	1	0	0	0
433	0.00486609	3.68888	0	0.726455	1	0	0	0
434	0.00216718	3.68888	0	0.127112	1	0	0	0
435	0.00380149	3.68888	0	0.176925	1	0	0	0
436	0.000959842	3.68888	0	0.196879	1	0	0	0
437	0.00179292	3.68888	0	0.246781	1	0	0	0
438	0.00271682	3.68888	0	0.388285	1	0	0	0
439	0.00309774	3.68888	0	0.718562	1	0	0	0
440	0.00328482	3.68888	0	0.862921	1	0	0	0
441	0.00108123	3.68888	0	0.601786	1	0	0	0
442	0.00155378	3.68888	0	0.244503	1	0	0	0
443	0.00381436	3.68888	0	0.458518	1	0	0	0
444	0.000703498	3.68888	0	0.297831	1	0	0	0
445	0.00209687	3.68888	0	0.30609	1	0	0	0
446	0.00182506	3.68888	0	0.536883	1	0	0	0
447	0.000823022	3.68888	0	0.42172	1	0	0	0
448	0.00195341	3.68888	0	0.788322	1	0	0	0
449	0.00155271	3.68888	0	0.513482	1	0	0	0
450	0.000679833	3.68888	0	0.802767	1	0	0	0
451	0.000564058	3.68888	0	0.604969	1	0	0	0
452	0.000765593	3.68888	0	0.0946324	1	0	0	0
453	0.000656012	3.68888	0	0.985042	1	0	0	0
454	0.000926418	3.68888	0	0.0191787	1	0	0	0
455	0.00127085	3.68888	0	0.265644	1	0	0	0
456	0.00295906	3.68888	0	0.869224	1	0	0	0
457	0.000859491	3.68888	0	0.342566	1	2500	299.509	6911.2
458	0.00368057	3.68888	0	0.998085	1	0	0	0
459	0.000935337	3.68888	0	0.803531	1	0	0	0
460	0.00103091	3.68888	0	0.294532	1	0	0	0
461	0.00128542	3.68888	0	0.322666	1	0	0	0
462	0.002206	3.68888	0	0.630956	1	0	0	0
463	0.00647564	3.68888	0	0.664174	1	0	0	0
464	0.002713	3.68888	0	0.587694	1	0	0	0
465	0.00317033	3.68888	0	0.93407	1	0	0	0
466	0.000757539	3.68888	0	0.294761	1	0	0	0
467	0.00074482	3.68888	0	0.243332	1	0	0	0
468	0.00381085	3.68888	0	0.377303	1	0	0	0
469	0.000439511	3.68888	0	0.0168514	1	0	0	0
470	0.00151088	3.68888	0	0.954779	1	0	0	0
471	0.000344467	3.68888	0	0.343077	1	0	0	0
472	0.00105361	3.68888	0	0.291505	1	0	0	0
473	0.00350095	3.68888	0	0.903685	1	0	0	0
474	0.00140107	3.68888	0	0.0442237	1	0	0	0
475	0.00443725	3.68888	0	0.170464	1	0	0	0
476	0.00260792	3.68888	0	0.652652	1	0	0	0
477	0.000503105	3.68888	0	0.510021	1	0	0	0
478	0.000620202	3.68888	0	0.689913	1	0	0	0
479	0.000655262	3.68888	0	0.771059	1	0	0	0
480	0.00067249	3.68888	0	0.64234	1	0	0	0
481	0.000947882	3.68888	0	0.833298	1	0	0	0
482	0.00092645	3.68888	0	0.928758	1	0	0	0
483	0.000269236	3.68888	0	0.187738	1	0	0	0
484	0.00256984	3.68888	0	0.591648	1	0	0	0
485	0.00157455	3.68888	0	0.897689	1	0	0	0
486	0.00231578	3.68888	0	0.393288	1	0	0	0
487	0.00184906	3.68888	0	0.0850586	1	0	0	0
488	0.000330685	3.68888	0	0.594595	1	0	0	0
489	0.0015949	3.68888	0	0.72605	1	0	0	0
490	0.00205922	3.68888	0	0.460762	1	0	0	0
491	0.000491038	3.68888	0	0.0253623	1	0	0	0
492	0.00167498	3.68888	0	0.105283	1	0	0	0
493	0.00375566	3.68888	0	0.783803	1	0	0	0
494	0.00183987	3.68888	0	0.12415	1	0	0	0
495	0.000559401	3.68888	0	0.0291441	1	0	0	0
496	0.0014435	3.68888	0	0.213352	1	0	0	0
497	0.010618	3.68888	0	0.600604	1	0	0	0
498	0.00187186	3.68888	0	0.0739886	1	0	0	0
499	0.00302617	3.68888	0	0.116341	1	0	0	0
